s  n(s, p, L)
1  0.8148200669771907
8094  1.6362505863231268e-05
3  0.027865347485082848
7995  0.0005017835131390922
4  0.013515429843029027
8016  0.00039815430933862753
7922  0.00018544173311662104
2  0.06973699998909166
7967  0.0005290543562444776
6  0.003981543093386275
7927  0.0001963500703587752
7928  0.0002945251055381628
10  0.0007744919441929467
7975  0.0005126918503812463
5  0.006872252462557132
7974  0.0005835960424552485
7948  0.0003708834662332421
8003  0.0004145168152018588
8046  0.00013090004690585015
7939  0.00032179594864354826
8004  0.00040906264658078167
7965  0.0005181460190023235
8001  0.00045269599554939843
7901  8.726669793723343e-05
7988  0.0004145168152018588
8019  0.00037633763485431915
7932  0.00022907508208523775
7969  0.00046360433279155256
7949  0.0003708834662332421
7976  0.00048542100727586094
7980  0.0004799668386547839
7890  5.454168621077089e-05
7982  0.0005236001876234006
7944  0.0003817918034753962
7953  0.0004799668386547839
7970  0.0004963293445180151
8044  0.0001472625527690814
8012  0.0004036084779597046
7898  8.726669793723343e-05
8015  0.0003163417800224712
7990  0.0004963293445180151
7991  0.0004690585014126297
8009  0.0003599751289910879
7943  0.0003545209603700108
7908  0.00010908337242154178
7936  0.0003708834662332421
7977  0.0005017835131390922
20  7.090419207400215e-05
7959  0.00041997098382293586
7938  0.0003545209603700108
8037  0.00022362091346416065
7964  0.00045269599554939843
7  0.002498009228453307
8010  0.0003927001407175504
7961  0.0004036084779597046
8  0.0016635214294285121
8023  0.00029997927415923993
7985  0.000550871030728786
7945  0.0003163417800224712
8002  0.0004690585014126297
7951  0.0004908751758969381
7933  0.00024543758794846903
11  0.0005072376817601693
7987  0.0004963293445180151
7966  0.0005181460190023235
7986  0.0005181460190023235
8031  0.0002618000938117003
8028  0.00022362091346416065
8053  0.00012544587828477305
7956  0.0004363334896861671
8034  0.00016907922725338976
8055  0.00013090004690585015
7978  0.0005781418738341715
8058  9.81750351793876e-05
7979  0.0004581501641704755
7993  0.0005126918503812463
7971  0.000545416862107709
8079  3.2725011726462536e-05
7994  0.0004581501641704755
7915  0.0001963500703587752
7929  0.0002836167682960086
7989  0.0005126918503812463
7962  0.0003927001407175504
8050  0.0001472625527690814
8035  0.0001472625527690814
7998  0.0005181460190023235
8017  0.0003708834662332421
9  0.001156283747668343
7913  9.81750351793876e-05
7923  0.00017998756449554395
8048  0.0001418083841480043
7916  0.0002072584076009294
7973  0.00046360433279155256
8039  0.00013635421552692724
7984  0.0005290543562444776
8056  9.81750351793876e-05
7960  0.0004908751758969381
7931  0.00025634592519062317
7952  0.00036542929761216496
7999  0.0004799668386547839
7919  0.0002072584076009294
7981  0.000550871030728786
7972  0.0004799668386547839
7955  0.00044178765830724424
7876  1.6362505863231268e-05
8022  0.000305433442780317
7872  3.8179180347539625e-05
7925  0.0002618000938117003
8011  0.0005126918503812463
8087  3.8179180347539625e-05
8092  1.0908337242154178e-05
7914  0.00016907922725338976
8007  0.0003927001407175504
8043  0.00013635421552692724
8005  0.00047451267003370675
7917  0.00017453339587446685
8000  0.000425425152444013
12  0.0004799668386547839
7877  1.0908337242154178e-05
7924  0.0002945251055381628
8052  0.00013090004690585015
7880  4.363334896861671e-05
7958  0.0004472418269283213
7968  0.0004581501641704755
8006  0.0003599751289910879
8020  0.0004145168152018588
7906  0.0001472625527690814
7983  0.0005072376817601693
8013  0.0004145168152018588
7920  0.00018544173311662104
8029  0.00023452925070631484
8025  0.00024543758794846903
8047  0.00013635421552692724
7911  0.0001581708900112356
15  0.0002072584076009294
7885  5.454168621077089e-05
7865  2.1816674484308356e-05
7946  0.0003817918034753962
8059  7.635836069507925e-05
8033  0.0002127125762220065
7963  0.0003927001407175504
8008  0.0004036084779597046
7884  3.2725011726462536e-05
7992  0.0004472418269283213
7882  4.363334896861671e-05
7896  3.2725011726462536e-05
7996  0.0004963293445180151
8066  7.635836069507925e-05
7893  7.090419207400215e-05
7934  0.0003381584545067795
8069  4.363334896861671e-05
8018  0.0003381584545067795
7926  0.00023452925070631484
7883  3.8179180347539625e-05
8063  5.454168621077089e-05
8067  3.2725011726462536e-05
8049  6.545002345292507e-05
7909  0.0001418083841480043
7940  0.00031088761140139407
8026  0.00026725426243277736
7957  0.0005126918503812463
7910  0.00016907922725338976
7941  0.0002836167682960086
8041  0.00016907922725338976
7950  0.00041997098382293586
7902  9.81750351793876e-05
22  5.454168621077089e-05
7997  0.00045269599554939843
8027  0.0002072584076009294
7904  0.00011453754104261887
7954  0.0004581501641704755
7947  0.00041997098382293586
8103  1.6362505863231268e-05
8021  0.00023452925070631484
8054  0.00010908337242154178
8030  0.0003163417800224712
8036  0.00017998756449554395
7849  1.0908337242154178e-05
8076  2.7270843105385445e-05
7843  1.6362505863231268e-05
13  0.0002945251055381628
7937  0.0002727084310538545
18  7.635836069507925e-05
7864  1.0908337242154178e-05
8024  0.00028907093691708574
8014  0.00033270428588570245
16  0.00013090004690585015
25  3.2725011726462536e-05
17  7.635836069507925e-05
7930  0.00023452925070631484
7942  0.00039815430933862753
7879  4.90875175896938e-05
7852  1.0908337242154178e-05
7899  6.545002345292507e-05
8073  3.2725011726462536e-05
7894  8.181252931615634e-05
7844  1.0908337242154178e-05
8042  0.0001963500703587752
7912  0.0001636250586323127
8051  0.00011453754104261887
7907  0.00013635421552692724
7867  2.7270843105385445e-05
7869  1.6362505863231268e-05
7892  8.181252931615634e-05
7889  3.8179180347539625e-05
21  5.454168621077089e-05
7891  4.363334896861671e-05
8032  0.00021816674484308356
8045  0.0001418083841480043
7903  0.00010908337242154178
7895  8.181252931615634e-05
24  1.6362505863231268e-05
7935  0.00032179594864354826
7905  0.0001527167213901585
8070  4.363334896861671e-05
7870  3.2725011726462536e-05
8040  0.00018544173311662104
7886  5.454168621077089e-05
8038  0.0002072584076009294
8057  9.272086655831052e-05
7921  0.0002072584076009294
7871  2.7270843105385445e-05
14  0.00031088761140139407
7888  9.272086655831052e-05
8086  2.1816674484308356e-05
7918  0.0002127125762220065
8114  5.454168621077089e-06
8072  5.9995854831847984e-05
8081  3.2725011726462536e-05
30  2.7270843105385445e-05
19  5.9995854831847984e-05
7878  3.2725011726462536e-05
57  5.454168621077089e-06
8080  1.6362505863231268e-05
8060  7.090419207400215e-05
8101  5.454168621077089e-06
8071  2.1816674484308356e-05
7837  5.454168621077089e-06
8065  5.454168621077089e-05
8061  5.9995854831847984e-05
7863  2.1816674484308356e-05
8062  4.363334896861671e-05
8064  6.545002345292507e-05
7897  5.9995854831847984e-05
7887  4.90875175896938e-05
7868  3.2725011726462536e-05
7900  0.00010908337242154178
28  1.6362505863231268e-05
8109  5.454168621077089e-06
7881  4.363334896861671e-05
8112  1.0908337242154178e-05
46  5.454168621077089e-06
7845  1.0908337242154178e-05
8075  3.8179180347539625e-05
7861  2.1816674484308356e-05
8100  5.454168621077089e-06
7834  5.454168621077089e-06
7853  2.7270843105385445e-05
8123  5.454168621077089e-06
8068  2.1816674484308356e-05
7860  2.1816674484308356e-05
23  3.8179180347539625e-05
8078  2.1816674484308356e-05
7874  4.363334896861671e-05
8093  1.6362505863231268e-05
7858  1.6362505863231268e-05
7873  3.8179180347539625e-05
8083  3.2725011726462536e-05
8135  5.454168621077089e-06
7875  3.2725011726462536e-05
8082  2.1816674484308356e-05
8090  1.0908337242154178e-05
34  5.454168621077089e-06
35  1.0908337242154178e-05
8077  3.2725011726462536e-05
8088  2.1816674484308356e-05
7835  1.0908337242154178e-05
8091  5.454168621077089e-06
8089  1.0908337242154178e-05
29  1.6362505863231268e-05
43  1.0908337242154178e-05
8097  5.454168621077089e-06
7859  5.454168621077089e-06
7866  5.454168621077089e-06
8074  3.8179180347539625e-05
8085  2.1816674484308356e-05
33  5.454168621077089e-06
7856  1.0908337242154178e-05
39  1.0908337242154178e-05
7862  1.6362505863231268e-05
7850  5.454168621077089e-06
8105  1.6362505863231268e-05
7855  5.454168621077089e-06
8095  1.6362505863231268e-05
7857  1.6362505863231268e-05
7854  5.454168621077089e-06
7847  5.454168621077089e-06
53  5.454168621077089e-06
7848  5.454168621077089e-06
7809  5.454168621077089e-06
8120  5.454168621077089e-06
8122  5.454168621077089e-06
8118  5.454168621077089e-06
8106  5.454168621077089e-06
7838  1.6362505863231268e-05
8084  1.0908337242154178e-05
8096  1.0908337242154178e-05
31  1.0908337242154178e-05
7840  5.454168621077089e-06
7841  5.454168621077089e-06
7818  5.454168621077089e-06
26  1.0908337242154178e-05
8099  5.454168621077089e-06
7820  5.454168621077089e-06
8108  5.454168621077089e-06
8144  5.454168621077089e-06
32  1.0908337242154178e-05
47  5.454168621077089e-06
7842  1.0908337242154178e-05
77  5.454168621077089e-06
7836  5.454168621077089e-06
