s  n(s, p, L)
6  0.022752179389275123
2  0.11540225724231636
5  0.03105567732145868
7  0.017565282502405015
1  0.5351020519483095
13  0.006136505638146998
3  0.06839786375221905
4  0.04448532693318523
198  6.0745207327111705e-05
11  0.00807415378207099
40  0.0008677886761015957
376  2.1074867848181612e-05
17  0.003867858099195684
9  0.0116221697692178
161  9.29773581537424e-05
14  0.005442274697265722
10  0.009615098531205681
20  0.002881058404657298
26  0.0017926034652041534
106  0.00017355773522031916
118  0.00014132558439368845
8  0.014013547420932054
199  6.322460354454483e-05
53  0.0005429877716178556
57  0.0004611676964425623
655  1.859547163074848e-05
19  0.0031525522904662256
604  1.611607541331535e-05
12  0.0070290882764229255
27  0.001668633654332497
1266  1.1157282978449087e-05
24  0.002105007388600728
23  0.002185587765667305
16  0.004259602701550119
18  0.0034091697989705547
1021  1.9835169739465046e-05
56  0.0004958792434866261
15  0.004666223681209152
36  0.0010500242980829308
37  0.0009483690531681725
173  6.570399976197796e-05
911  9.917584869732523e-06
307  2.355426406561474e-05
75  0.0003186024139401573
52  0.0004686058850948617
84  0.0002330632444387143
30  0.0013909412779799864
74  0.00027769237635251064
703  1.611607541331535e-05
1418  1.2396981087165654e-06
62  0.00036199184774523706
334  1.9835169739465046e-05
236  4.834822623994605e-05
49  0.0006186093562495661
28  0.0015607799188741558
31  0.0013351548630877409
41  0.0008231595441877994
248  3.5951245152780395e-05
182  7.066279219684422e-05
89  0.00022438535767769832
967  1.1157282978449087e-05
47  0.0006285269411192986
1095  1.611607541331535e-05
50  0.0006012535827275341
51  0.0005380289791829893
44  0.0007066279219684423
138  9.793615058860866e-05
25  0.0019091350874235107
21  0.0026281599904791186
38  0.0009508484493856056
1059  1.859547163074848e-05
82  0.00023554264065614742
33  0.0012545744860211641
114  0.00013512709385010563
59  0.00044133252670309727
851  1.611607541331535e-05
125  0.00011405222600192401
32  0.0013413533536313236
225  4.338943380507979e-05
1061  8.677886761015957e-06
42  0.0008454741101446975
46  0.0006458827146413306
66  0.00034463607422320516
34  0.0012025071654550683
668  7.438188652299392e-06
313  3.22321508266307e-05
210  5.702611300096201e-05
145  7.562158463171049e-05
816  1.3636679195882219e-05
29  0.001534746258591108
35  0.0010710991659311124
1057  2.1074867848181612e-05
85  0.00020950898037309956
748  1.611607541331535e-05
339  2.7273358391764438e-05
112  0.00019959139550336703
1015  1.611607541331535e-05
79  0.00027521298013507753
1078  1.7355773522031915e-05
48  0.0006297666392280152
54  0.0005045571302476421
22  0.0023628645952137733
213  5.4546716783528876e-05
119  0.00011529192411064058
667  2.4793962174331306e-05
275  3.22321508266307e-05
441  2.355426406561474e-05
472  1.2396981087165653e-05
67  0.00032356120637502356
1277  1.859547163074848e-05
94  0.00019587230117721732
71  0.0003483551685493549
877  1.2396981087165653e-05
45  0.0006743957711418116
1023  1.3636679195882219e-05
69  0.0003582727534190874
1139  1.611607541331535e-05
555  1.7355773522031915e-05
99  0.0001933929049597842
78  0.0003000069423094088
445  1.2396981087165653e-05
92  0.00020207079172080016
1109  1.3636679195882219e-05
975  1.611607541331535e-05
282  3.5951245152780395e-05
202  4.958792434866261e-05
98  0.00018099592387261853
894  2.1074867848181612e-05
1097  2.355426406561474e-05
140  8.92582638275927e-05
70  0.00031736271583144074
263  3.099245271791413e-05
626  2.2314565956898175e-05
77  0.00027025418770021127
126  0.00013016830141523937
159  7.314218841427736e-05
755  1.2396981087165653e-05
39  0.0009260544872112743
43  0.0007946464876873184
110  0.00015248286737213753
331  3.471154704406383e-05
682  1.7355773522031915e-05
641  1.7355773522031915e-05
65  0.00035331396098422114
63  0.00039794309289801745
544  1.859547163074848e-05
152  7.934067895786019e-05
157  8.677886761015958e-05
151  0.00010785373545834119
206  4.710852813122948e-05
341  2.975275460919757e-05
68  0.000350834564766788
965  1.859547163074848e-05
1083  1.859547163074848e-05
95  0.0002045501879382333
1347  1.2396981087165654e-06
76  0.00029628784798325914
1082  1.3636679195882219e-05
137  0.00010537433924090805
1221  1.1157282978449087e-05
365  1.859547163074848e-05
761  1.1157282978449087e-05
55  0.0004810028661820274
1135  1.1157282978449087e-05
304  2.975275460919757e-05
96  0.00022438535767769832
633  1.4876377304598785e-05
72  0.000322321508266307
562  1.2396981087165653e-05
229  5.2067320566095744e-05
111  0.0001500034711547044
58  0.00044133252670309727
83  0.0002739732820263609
1105  2.355426406561474e-05
64  0.0004066209796590334
1067  1.7355773522031915e-05
1192  1.1157282978449087e-05
504  1.4876377304598785e-05
228  5.330701867481231e-05
378  3.3471848935347264e-05
192  5.702611300096201e-05
1052  2.2314565956898175e-05
1100  1.1157282978449087e-05
259  3.843064137021353e-05
640  1.1157282978449087e-05
223  4.091003758764666e-05
102  0.00017107833900288603
317  2.4793962174331306e-05
762  1.3636679195882219e-05
287  3.471154704406383e-05
254  4.338943380507979e-05
150  8.429947139272645e-05
186  5.702611300096201e-05
415  1.7355773522031915e-05
93  0.00020207079172080016
1005  1.611607541331535e-05
124  0.00011157282978449088
1150  1.1157282978449087e-05
81  0.00023678233876486398
1179  8.677886761015957e-06
278  3.967033947893009e-05
237  3.22321508266307e-05
170  9.049796193630926e-05
499  2.1074867848181612e-05
115  0.0001685989427854529
829  1.4876377304598785e-05
191  6.44643016532614e-05
153  9.049796193630926e-05
663  1.3636679195882219e-05
273  3.843064137021353e-05
870  9.917584869732523e-06
188  6.818339597941109e-05
360  2.4793962174331306e-05
394  9.917584869732523e-06
361  3.3471848935347264e-05
167  7.066279219684422e-05
1066  2.355426406561474e-05
171  6.818339597941109e-05
517  1.7355773522031915e-05
154  0.00010661403734962462
457  2.1074867848181612e-05
143  9.793615058860866e-05
280  4.5868830022512915e-05
324  3.099245271791413e-05
715  1.7355773522031915e-05
322  2.8513056500481004e-05
458  2.355426406561474e-05
240  5.082762245737918e-05
738  1.611607541331535e-05
377  1.7355773522031915e-05
61  0.0003570330553103708
80  0.0002553778103956125
950  1.611607541331535e-05
1054  1.1157282978449087e-05
864  1.2396981087165653e-05
131  0.00011653162221935715
837  1.2396981087165653e-05
295  2.7273358391764438e-05
1108  1.859547163074848e-05
836  1.9835169739465046e-05
88  0.0002181868671341155
226  5.4546716783528876e-05
166  8.553916950144301e-05
535  1.3636679195882219e-05
446  3.22321508266307e-05
527  9.917584869732523e-06
121  0.00010289494302347492
326  2.975275460919757e-05
808  1.1157282978449087e-05
560  1.2396981087165653e-05
516  8.677886761015957e-06
1040  1.2396981087165653e-05
1256  9.917584869732523e-06
107  0.00015248286737213753
1113  1.3636679195882219e-05
1125  1.1157282978449087e-05
643  1.2396981087165653e-05
242  3.967033947893009e-05
369  1.4876377304598785e-05
350  1.9835169739465046e-05
406  1.859547163074848e-05
272  3.5951245152780395e-05
347  2.7273358391764438e-05
431  2.2314565956898175e-05
197  5.082762245737918e-05
160  7.562158463171049e-05
117  0.0001252095089803731
1104  1.611607541331535e-05
688  1.9835169739465046e-05
456  1.3636679195882219e-05
252  4.462913191379635e-05
674  1.1157282978449087e-05
253  3.967033947893009e-05
373  2.4793962174331306e-05
721  1.2396981087165653e-05
382  1.4876377304598785e-05
235  3.3471848935347264e-05
132  0.00011033313167577432
302  2.6033660283047872e-05
935  1.4876377304598785e-05
752  2.6033660283047872e-05
327  2.8513056500481004e-05
465  1.859547163074848e-05
318  2.7273358391764438e-05
1033  2.8513056500481004e-05
87  0.0002219059614602652
861  1.2396981087165653e-05
144  8.553916950144301e-05
776  1.1157282978449087e-05
387  1.7355773522031915e-05
268  3.099245271791413e-05
612  1.859547163074848e-05
986  9.917584869732523e-06
298  3.22321508266307e-05
294  2.4793962174331306e-05
277  2.8513056500481004e-05
1075  1.2396981087165653e-05
358  2.4793962174331306e-05
335  2.7273358391764438e-05
101  0.00015868135791572037
217  4.462913191379635e-05
291  3.719094326149696e-05
1373  1.2396981087165654e-06
1284  8.677886761015957e-06
128  0.00010289494302347492
1014  2.1074867848181612e-05
1041  1.7355773522031915e-05
149  8.92582638275927e-05
1044  1.4876377304598785e-05
794  2.2314565956898175e-05
1132  1.1157282978449087e-05
133  0.00010041554680604179
181  7.190249030556079e-05
129  0.00011653162221935715
104  0.00016364015035058663
508  1.4876377304598785e-05
713  2.1074867848181612e-05
73  0.0002739732820263609
315  3.967033947893009e-05
333  2.8513056500481004e-05
91  0.00019959139550336703
1001  1.611607541331535e-05
310  2.8513056500481004e-05
786  1.3636679195882219e-05
577  1.2396981087165653e-05
100  0.0001896738106336345
907  1.7355773522031915e-05
754  1.2396981087165653e-05
785  1.2396981087165653e-05
885  9.917584869732523e-06
1275  4.958792434866262e-06
959  1.7355773522031915e-05
249  4.834822623994605e-05
127  9.173766004502583e-05
833  1.3636679195882219e-05
103  0.00018099592387261853
944  1.859547163074848e-05
105  0.00015496226358957066
383  1.7355773522031915e-05
995  1.3636679195882219e-05
148  9.173766004502583e-05
699  2.2314565956898175e-05
174  6.570399976197796e-05
444  1.4876377304598785e-05
251  2.8513056500481004e-05
142  0.00011157282978449088
423  2.6033660283047872e-05
379  1.859547163074848e-05
196  4.462913191379635e-05
775  1.1157282978449087e-05
1008  2.1074867848181612e-05
996  9.917584869732523e-06
619  1.2396981087165653e-05
618  1.7355773522031915e-05
1268  1.1157282978449087e-05
1094  1.7355773522031915e-05
243  4.338943380507979e-05
863  1.4876377304598785e-05
168  6.44643016532614e-05
1217  1.3636679195882219e-05
430  1.3636679195882219e-05
212  4.338943380507979e-05
1123  1.7355773522031915e-05
1106  1.1157282978449087e-05
1140  1.1157282978449087e-05
178  5.4546716783528876e-05
709  2.4793962174331306e-05
520  1.859547163074848e-05
896  1.7355773522031915e-05
880  1.859547163074848e-05
296  3.22321508266307e-05
261  2.6033660283047872e-05
637  1.7355773522031915e-05
122  0.00011901101843679028
1053  1.859547163074848e-05
330  2.4793962174331306e-05
570  1.3636679195882219e-05
789  1.1157282978449087e-05
1147  1.859547163074848e-05
1088  1.7355773522031915e-05
596  1.7355773522031915e-05
97  0.00019835169739465045
309  2.7273358391764438e-05
579  1.611607541331535e-05
656  1.9835169739465046e-05
109  0.00016240045224187005
1117  1.611607541331535e-05
994  2.1074867848181612e-05
1218  1.2396981087165653e-05
426  2.1074867848181612e-05
321  3.099245271791413e-05
452  1.4876377304598785e-05
1194  1.3636679195882219e-05
359  2.2314565956898175e-05
859  1.1157282978449087e-05
1177  1.4876377304598785e-05
267  3.3471848935347264e-05
593  1.859547163074848e-05
872  1.1157282978449087e-05
1234  9.917584869732523e-06
632  1.1157282978449087e-05
1103  1.611607541331535e-05
136  0.00011281252789320745
1055  1.7355773522031915e-05
949  1.611607541331535e-05
1037  1.859547163074848e-05
1036  1.4876377304598785e-05
158  9.545675437117553e-05
733  1.611607541331535e-05
357  3.22321508266307e-05
961  1.611607541331535e-05
828  1.1157282978449087e-05
1190  1.2396981087165653e-05
231  4.462913191379635e-05
460  3.099245271791413e-05
155  8.058037706657675e-05
1169  1.859547163074848e-05
973  1.1157282978449087e-05
1085  1.7355773522031915e-05
953  1.611607541331535e-05
763  1.7355773522031915e-05
108  0.0001537225654808541
1030  1.611607541331535e-05
569  1.3636679195882219e-05
113  0.00014380498061112158
320  2.8513056500481004e-05
139  0.00010289494302347492
1039  2.8513056500481004e-05
853  1.3636679195882219e-05
123  9.917584869732523e-05
459  1.859547163074848e-05
1170  1.4876377304598785e-05
868  1.4876377304598785e-05
60  0.00038430641370213527
255  3.719094326149696e-05
495  1.611607541331535e-05
670  1.1157282978449087e-05
201  4.462913191379635e-05
654  9.917584869732523e-06
271  3.471154704406383e-05
744  1.3636679195882219e-05
1195  7.438188652299392e-06
483  1.9835169739465046e-05
258  3.719094326149696e-05
745  1.4876377304598785e-05
219  5.2067320566095744e-05
697  9.917584869732523e-06
185  7.438188652299392e-05
409  1.859547163074848e-05
629  1.3636679195882219e-05
592  1.3636679195882219e-05
269  3.099245271791413e-05
580  2.1074867848181612e-05
306  2.6033660283047872e-05
329  2.6033660283047872e-05
1157  1.4876377304598785e-05
1151  9.917584869732523e-06
1225  1.2396981087165653e-05
230  4.462913191379635e-05
983  1.611607541331535e-05
180  5.330701867481231e-05
716  1.611607541331535e-05
1012  1.611607541331535e-05
372  3.099245271791413e-05
176  8.058037706657675e-05
518  1.859547163074848e-05
368  2.6033660283047872e-05
1199  1.4876377304598785e-05
90  0.0002033104898295167
130  0.00011157282978449088
921  1.1157282978449087e-05
488  2.1074867848181612e-05
356  3.471154704406383e-05
1153  1.4876377304598785e-05
972  1.7355773522031915e-05
1276  3.719094326149696e-06
963  1.7355773522031915e-05
1029  1.7355773522031915e-05
1228  8.677886761015957e-06
1128  1.1157282978449087e-05
491  1.611607541331535e-05
116  0.0001400858862849719
513  7.438188652299392e-06
245  4.338943380507979e-05
227  6.570399976197796e-05
889  1.859547163074848e-05
433  1.3636679195882219e-05
422  2.7273358391764438e-05
156  9.049796193630926e-05
1006  9.917584869732523e-06
1211  7.438188652299392e-06
783  1.3636679195882219e-05
545  1.4876377304598785e-05
608  1.4876377304598785e-05
1204  1.1157282978449087e-05
681  1.611607541331535e-05
957  7.438188652299392e-06
1048  1.859547163074848e-05
781  9.917584869732523e-06
1068  2.1074867848181612e-05
1127  8.677886761015957e-06
1249  1.1157282978449087e-05
1339  6.1984905435828266e-06
220  5.950550921839514e-05
989  1.4876377304598785e-05
183  6.44643016532614e-05
583  1.611607541331535e-05
463  1.9835169739465046e-05
435  2.2314565956898175e-05
810  1.2396981087165653e-05
169  5.826581110967857e-05
384  2.975275460919757e-05
485  1.1157282978449087e-05
214  4.710852813122948e-05
718  9.917584869732523e-06
1096  1.611607541331535e-05
471  2.355426406561474e-05
366  1.9835169739465046e-05
683  1.4876377304598785e-05
998  1.7355773522031915e-05
928  1.859547163074848e-05
905  1.2396981087165653e-05
141  9.29773581537424e-05
531  2.6033660283047872e-05
374  1.4876377304598785e-05
727  4.958792434866262e-06
489  2.1074867848181612e-05
750  1.2396981087165653e-05
1291  4.958792434866262e-06
951  1.3636679195882219e-05
988  2.355426406561474e-05
392  2.1074867848181612e-05
825  8.677886761015957e-06
204  5.702611300096201e-05
506  2.1074867848181612e-05
332  4.338943380507979e-05
1206  8.677886761015957e-06
930  1.9835169739465046e-05
1038  2.1074867848181612e-05
702  1.611607541331535e-05
1252  8.677886761015957e-06
1122  2.1074867848181612e-05
1278  4.958792434866262e-06
314  3.5951245152780395e-05
337  2.975275460919757e-05
416  1.611607541331535e-05
795  1.4876377304598785e-05
1050  2.2314565956898175e-05
1081  1.7355773522031915e-05
1306  3.719094326149696e-06
1144  1.2396981087165653e-05
1202  8.677886761015957e-06
86  0.0001896738106336345
939  1.9835169739465046e-05
1253  1.1157282978449087e-05
1042  1.7355773522031915e-05
1300  9.917584869732523e-06
764  1.859547163074848e-05
1049  9.917584869732523e-06
209  5.826581110967857e-05
319  2.975275460919757e-05
486  9.917584869732523e-06
1166  8.677886761015957e-06
1163  1.1157282978449087e-05
500  1.4876377304598785e-05
918  9.917584869732523e-06
648  1.859547163074848e-05
410  1.611607541331535e-05
397  2.2314565956898175e-05
1187  1.3636679195882219e-05
1214  8.677886761015957e-06
1289  4.958792434866262e-06
1353  2.479396217433131e-06
999  9.917584869732523e-06
469  1.2396981087165653e-05
177  6.198490543582826e-05
352  1.4876377304598785e-05
440  1.2396981087165653e-05
1231  1.2396981087165653e-05
484  1.2396981087165653e-05
1062  9.917584869732523e-06
270  3.22321508266307e-05
769  7.438188652299392e-06
1243  1.2396981087165653e-05
120  0.0001326476976326725
770  1.3636679195882219e-05
289  2.355426406561474e-05
976  1.4876377304598785e-05
1296  7.438188652299392e-06
539  1.611607541331535e-05
208  5.082762245737918e-05
614  1.4876377304598785e-05
323  2.355426406561474e-05
443  9.917584869732523e-06
218  4.5868830022512915e-05
1267  1.1157282978449087e-05
557  8.677886761015957e-06
175  7.562158463171049e-05
818  1.4876377304598785e-05
712  1.7355773522031915e-05
301  1.611607541331535e-05
163  9.421705626245896e-05
822  1.1157282978449087e-05
246  3.22321508266307e-05
815  1.9835169739465046e-05
590  1.9835169739465046e-05
265  2.8513056500481004e-05
549  1.1157282978449087e-05
806  2.1074867848181612e-05
1134  1.611607541331535e-05
190  5.950550921839514e-05
429  2.355426406561474e-05
1093  7.438188652299392e-06
194  5.826581110967857e-05
823  9.917584869732523e-06
482  1.4876377304598785e-05
305  2.7273358391764438e-05
355  1.9835169739465046e-05
813  1.4876377304598785e-05
281  3.719094326149696e-05
1087  9.917584869732523e-06
1043  1.4876377304598785e-05
421  1.1157282978449087e-05
854  7.438188652299392e-06
695  7.438188652299392e-06
172  6.44643016532614e-05
832  1.2396981087165653e-05
1342  4.958792434866262e-06
474  1.2396981087165653e-05
247  2.8513056500481004e-05
232  4.462913191379635e-05
398  2.355426406561474e-05
189  5.826581110967857e-05
285  2.4793962174331306e-05
729  1.2396981087165653e-05
480  2.1074867848181612e-05
449  1.2396981087165653e-05
878  1.4876377304598785e-05
835  1.1157282978449087e-05
250  4.091003758764666e-05
805  1.4876377304598785e-05
425  2.2314565956898175e-05
1271  6.1984905435828266e-06
1316  3.719094326149696e-06
906  2.2314565956898175e-05
494  2.1074867848181612e-05
464  1.4876377304598785e-05
164  7.562158463171049e-05
968  1.9835169739465046e-05
1260  1.7355773522031915e-05
523  8.677886761015957e-06
726  1.611607541331535e-05
1193  7.438188652299392e-06
664  1.611607541331535e-05
404  2.4793962174331306e-05
427  2.1074867848181612e-05
774  1.859547163074848e-05
765  9.917584869732523e-06
1396  2.479396217433131e-06
1118  1.1157282978449087e-05
888  2.8513056500481004e-05
693  1.4876377304598785e-05
799  8.677886761015957e-06
239  4.710852813122948e-05
578  1.611607541331535e-05
1238  9.917584869732523e-06
893  1.611607541331535e-05
720  8.677886761015957e-06
134  9.545675437117553e-05
884  1.9835169739465046e-05
541  1.3636679195882219e-05
532  1.7355773522031915e-05
1203  1.859547163074848e-05
193  5.826581110967857e-05
598  9.917584869732523e-06
391  1.3636679195882219e-05
1216  1.3636679195882219e-05
778  9.917584869732523e-06
1382  2.479396217433131e-06
417  1.859547163074848e-05
363  1.1157282978449087e-05
1141  1.1157282978449087e-05
969  8.677886761015957e-06
451  2.6033660283047872e-05
1298  6.1984905435828266e-06
821  1.7355773522031915e-05
147  8.182007517529332e-05
380  1.7355773522031915e-05
299  1.859547163074848e-05
453  7.438188652299392e-06
473  1.1157282978449087e-05
448  2.2314565956898175e-05
548  8.677886761015957e-06
1317  3.719094326149696e-06
264  3.843064137021353e-05
1210  9.917584869732523e-06
725  1.3636679195882219e-05
179  5.082762245737918e-05
858  1.611607541331535e-05
974  2.4793962174331306e-05
385  2.975275460919757e-05
694  1.611607541331535e-05
184  4.710852813122948e-05
1114  1.7355773522031915e-05
200  4.834822623994605e-05
1056  1.1157282978449087e-05
1022  2.355426406561474e-05
584  1.4876377304598785e-05
552  1.9835169739465046e-05
624  1.1157282978449087e-05
454  2.2314565956898175e-05
507  1.3636679195882219e-05
216  4.091003758764666e-05
601  8.677886761015957e-06
941  9.917584869732523e-06
547  1.2396981087165653e-05
609  1.611607541331535e-05
205  6.570399976197796e-05
1191  9.917584869732523e-06
1130  1.2396981087165653e-05
203  4.2149735696363224e-05
1007  1.611607541331535e-05
1263  8.677886761015957e-06
344  3.099245271791413e-05
660  1.2396981087165653e-05
610  8.677886761015957e-06
1389  1.2396981087165654e-06
689  1.4876377304598785e-05
244  4.834822623994605e-05
316  1.859547163074848e-05
651  1.611607541331535e-05
1092  1.3636679195882219e-05
1201  1.3636679195882219e-05
913  1.859547163074848e-05
582  7.438188652299392e-06
481  1.4876377304598785e-05
288  3.471154704406383e-05
780  1.4876377304598785e-05
1172  1.7355773522031915e-05
442  2.7273358391764438e-05
279  2.4793962174331306e-05
948  2.2314565956898175e-05
1121  1.4876377304598785e-05
585  1.611607541331535e-05
400  1.611607541331535e-05
293  2.975275460919757e-05
936  8.677886761015957e-06
1031  9.917584869732523e-06
1254  8.677886761015957e-06
395  1.9835169739465046e-05
401  1.4876377304598785e-05
797  1.3636679195882219e-05
1129  2.4793962174331306e-05
1175  1.3636679195882219e-05
1101  1.611607541331535e-05
256  3.22321508266307e-05
642  1.2396981087165653e-05
824  1.859547163074848e-05
187  7.562158463171049e-05
428  1.1157282978449087e-05
211  4.710852813122948e-05
390  2.2314565956898175e-05
1176  1.1157282978449087e-05
628  1.1157282978449087e-05
831  1.3636679195882219e-05
639  1.2396981087165653e-05
437  1.9835169739465046e-05
1156  1.859547163074848e-05
348  1.859547163074848e-05
399  2.6033660283047872e-05
803  1.1157282978449087e-05
1343  6.1984905435828266e-06
661  1.611607541331535e-05
165  6.694369787069453e-05
1180  1.611607541331535e-05
753  2.1074867848181612e-05
917  2.1074867848181612e-05
389  1.3636679195882219e-05
135  0.00010413464113219149
992  1.3636679195882219e-05
1028  1.611607541331535e-05
286  3.3471848935347264e-05
561  1.4876377304598785e-05
503  1.7355773522031915e-05
338  2.1074867848181612e-05
1091  1.859547163074848e-05
817  9.917584869732523e-06
1159  1.3636679195882219e-05
924  1.859547163074848e-05
364  3.099245271791413e-05
468  8.677886761015957e-06
933  1.4876377304598785e-05
991  1.611607541331535e-05
207  5.330701867481231e-05
719  9.917584869732523e-06
241  3.967033947893009e-05
496  1.4876377304598785e-05
678  1.4876377304598785e-05
685  1.859547163074848e-05
892  1.2396981087165653e-05
899  1.9835169739465046e-05
1069  1.611607541331535e-05
1025  1.859547163074848e-05
960  1.2396981087165653e-05
1174  1.2396981087165653e-05
224  4.338943380507979e-05
260  3.719094326149696e-05
1070  1.1157282978449087e-05
599  1.2396981087165653e-05
349  2.4793962174331306e-05
234  3.719094326149696e-05
826  1.7355773522031915e-05
1149  1.3636679195882219e-05
1158  1.2396981087165653e-05
927  8.677886761015957e-06
1200  6.1984905435828266e-06
343  2.975275460919757e-05
649  6.1984905435828266e-06
787  1.2396981087165653e-05
162  6.44643016532614e-05
772  7.438188652299392e-06
381  1.9835169739465046e-05
644  1.2396981087165653e-05
515  2.2314565956898175e-05
800  1.2396981087165653e-05
276  3.099245271791413e-05
914  1.611607541331535e-05
572  1.3636679195882219e-05
749  1.7355773522031915e-05
1251  8.677886761015957e-06
1010  1.1157282978449087e-05
814  1.611607541331535e-05
964  1.4876377304598785e-05
311  2.8513056500481004e-05
439  2.2314565956898175e-05
367  1.7355773522031915e-05
732  1.2396981087165653e-05
1226  1.7355773522031915e-05
1165  1.2396981087165653e-05
1155  1.7355773522031915e-05
195  5.578641489224544e-05
1258  6.1984905435828266e-06
985  1.611607541331535e-05
1359  2.479396217433131e-06
650  1.7355773522031915e-05
946  1.859547163074848e-05
351  2.8513056500481004e-05
345  2.4793962174331306e-05
375  1.1157282978449087e-05
581  8.677886761015957e-06
1366  4.958792434866262e-06
340  1.9835169739465046e-05
779  1.3636679195882219e-05
1205  1.3636679195882219e-05
1208  1.1157282978449087e-05
146  7.686128274042705e-05
984  1.3636679195882219e-05
462  1.611607541331535e-05
1162  1.4876377304598785e-05
746  1.2396981087165653e-05
586  2.355426406561474e-05
1185  2.355426406561474e-05
658  1.611607541331535e-05
300  2.7273358391764438e-05
1131  1.1157282978449087e-05
867  1.2396981087165653e-05
1126  1.4876377304598785e-05
1241  1.2396981087165653e-05
605  1.3636679195882219e-05
700  9.917584869732523e-06
403  1.4876377304598785e-05
904  1.611607541331535e-05
284  2.4793962174331306e-05
617  1.4876377304598785e-05
990  1.859547163074848e-05
1257  8.677886761015957e-06
1220  8.677886761015957e-06
901  1.859547163074848e-05
701  1.3636679195882219e-05
336  2.8513056500481004e-05
563  8.677886761015957e-06
926  1.611607541331535e-05
550  1.1157282978449087e-05
1060  8.677886761015957e-06
962  1.1157282978449087e-05
388  1.2396981087165653e-05
402  3.3471848935347264e-05
840  1.611607541331535e-05
1051  1.4876377304598785e-05
1089  1.2396981087165653e-05
564  1.3636679195882219e-05
587  9.917584869732523e-06
386  1.9835169739465046e-05
920  1.611607541331535e-05
308  2.8513056500481004e-05
706  1.4876377304598785e-05
1032  1.7355773522031915e-05
1046  1.859547163074848e-05
436  1.1157282978449087e-05
512  1.1157282978449087e-05
312  2.2314565956898175e-05
784  1.4876377304598785e-05
222  4.2149735696363224e-05
479  1.859547163074848e-05
987  1.611607541331535e-05
954  8.677886761015957e-06
812  8.677886761015957e-06
1111  9.917584869732523e-06
1178  1.3636679195882219e-05
1261  1.2396981087165653e-05
597  1.7355773522031915e-05
257  4.5868830022512915e-05
505  1.1157282978449087e-05
1246  9.917584869732523e-06
1196  9.917584869732523e-06
1000  1.9835169739465046e-05
420  1.3636679195882219e-05
414  2.4793962174331306e-05
1182  8.677886761015957e-06
807  9.917584869732523e-06
1133  2.1074867848181612e-05
908  1.1157282978449087e-05
1079  1.611607541331535e-05
467  1.611607541331535e-05
1034  2.355426406561474e-05
875  1.3636679195882219e-05
1245  8.677886761015957e-06
625  1.3636679195882219e-05
722  6.1984905435828266e-06
521  1.1157282978449087e-05
1385  2.479396217433131e-06
1181  9.917584869732523e-06
931  1.1157282978449087e-05
1013  9.917584869732523e-06
856  1.2396981087165653e-05
221  5.2067320566095744e-05
1026  1.1157282978449087e-05
672  7.438188652299392e-06
412  2.4793962174331306e-05
290  3.099245271791413e-05
647  7.438188652299392e-06
997  8.677886761015957e-06
804  9.917584869732523e-06
1279  1.2396981087165653e-05
768  1.3636679195882219e-05
558  1.4876377304598785e-05
971  1.7355773522031915e-05
346  2.355426406561474e-05
1320  3.719094326149696e-06
487  1.611607541331535e-05
1086  1.611607541331535e-05
370  2.2314565956898175e-05
1197  9.917584869732523e-06
696  1.2396981087165653e-05
731  1.2396981087165653e-05
890  1.7355773522031915e-05
493  8.677886761015957e-06
680  1.9835169739465046e-05
871  8.677886761015957e-06
556  9.917584869732523e-06
873  1.2396981087165653e-05
717  1.859547163074848e-05
1011  1.7355773522031915e-05
947  1.7355773522031915e-05
1143  1.9835169739465046e-05
1115  1.611607541331535e-05
1124  1.611607541331535e-05
887  1.1157282978449087e-05
1303  7.438188652299392e-06
1164  1.2396981087165653e-05
1173  1.1157282978449087e-05
938  1.2396981087165653e-05
1074  1.1157282978449087e-05
1259  3.719094326149696e-06
510  1.2396981087165653e-05
450  2.2314565956898175e-05
615  1.4876377304598785e-05
1344  4.958792434866262e-06
760  2.1074867848181612e-05
1035  1.2396981087165653e-05
1323  3.719094326149696e-06
1262  6.1984905435828266e-06
981  1.2396981087165653e-05
1168  1.4876377304598785e-05
1332  6.1984905435828266e-06
876  1.1157282978449087e-05
611  8.677886761015957e-06
297  3.471154704406383e-05
396  2.2314565956898175e-05
621  1.3636679195882219e-05
371  1.3636679195882219e-05
1148  1.4876377304598785e-05
934  1.3636679195882219e-05
1372  1.2396981087165654e-06
773  1.2396981087165653e-05
686  7.438188652299392e-06
766  1.2396981087165653e-05
475  1.3636679195882219e-05
1375  6.1984905435828266e-06
466  1.4876377304598785e-05
966  1.3636679195882219e-05
802  7.438188652299392e-06
1369  4.958792434866262e-06
1099  1.611607541331535e-05
730  1.1157282978449087e-05
405  1.4876377304598785e-05
684  1.611607541331535e-05
266  2.7273358391764438e-05
895  1.1157282978449087e-05
1207  7.438188652299392e-06
970  8.677886761015957e-06
1002  1.3636679195882219e-05
1110  2.4793962174331306e-05
215  4.462913191379635e-05
542  1.2396981087165653e-05
757  1.4876377304598785e-05
839  1.7355773522031915e-05
1009  1.4876377304598785e-05
869  1.3636679195882219e-05
903  1.2396981087165653e-05
1337  4.958792434866262e-06
606  9.917584869732523e-06
1360  1.2396981087165654e-06
1346  2.479396217433131e-06
902  2.1074867848181612e-05
274  3.099245271791413e-05
866  1.611607541331535e-05
328  2.4793962174331306e-05
1307  6.1984905435828266e-06
622  1.2396981087165653e-05
1227  7.438188652299392e-06
631  1.1157282978449087e-05
955  1.1157282978449087e-05
498  1.3636679195882219e-05
838  1.3636679195882219e-05
533  7.438188652299392e-06
1421  1.2396981087165654e-06
455  1.9835169739465046e-05
751  1.611607541331535e-05
1264  7.438188652299392e-06
842  1.2396981087165653e-05
1136  1.9835169739465046e-05
801  9.917584869732523e-06
1004  1.1157282978449087e-05
393  2.7273358391764438e-05
857  9.917584869732523e-06
522  1.7355773522031915e-05
543  1.7355773522031915e-05
687  1.611607541331535e-05
238  3.3471848935347264e-05
1152  9.917584869732523e-06
798  1.1157282978449087e-05
1293  3.719094326149696e-06
1304  6.1984905435828266e-06
1138  1.3636679195882219e-05
909  1.2396981087165653e-05
796  1.4876377304598785e-05
886  1.859547163074848e-05
600  1.9835169739465046e-05
576  7.438188652299392e-06
707  1.7355773522031915e-05
553  1.7355773522031915e-05
1233  1.1157282978449087e-05
1186  1.4876377304598785e-05
1330  1.2396981087165654e-06
827  1.1157282978449087e-05
881  9.917584869732523e-06
743  1.2396981087165653e-05
470  7.438188652299392e-06
595  1.611607541331535e-05
1003  1.9835169739465046e-05
874  1.7355773522031915e-05
1213  4.958792434866262e-06
342  1.611607541331535e-05
1090  1.7355773522031915e-05
820  1.611607541331535e-05
1016  6.1984905435828266e-06
478  1.2396981087165653e-05
447  1.611607541331535e-05
438  1.9835169739465046e-05
1188  1.3636679195882219e-05
546  1.7355773522031915e-05
627  1.859547163074848e-05
677  1.3636679195882219e-05
573  1.1157282978449087e-05
407  2.4793962174331306e-05
1112  1.859547163074848e-05
1219  9.917584869732523e-06
1184  1.611607541331535e-05
645  8.677886761015957e-06
588  1.3636679195882219e-05
993  1.611607541331535e-05
759  8.677886761015957e-06
943  1.3636679195882219e-05
419  1.611607541331535e-05
571  1.3636679195882219e-05
525  9.917584869732523e-06
536  1.611607541331535e-05
1063  1.3636679195882219e-05
1328  3.719094326149696e-06
1116  1.4876377304598785e-05
529  1.4876377304598785e-05
1047  1.3636679195882219e-05
1160  8.677886761015957e-06
915  2.2314565956898175e-05
1255  1.2396981087165653e-05
1285  2.479396217433131e-06
849  9.917584869732523e-06
1058  1.611607541331535e-05
737  1.9835169739465046e-05
736  1.1157282978449087e-05
1107  1.3636679195882219e-05
690  1.611607541331535e-05
925  1.3636679195882219e-05
1080  1.1157282978449087e-05
734  1.3636679195882219e-05
847  1.4876377304598785e-05
710  9.917584869732523e-06
1120  8.677886761015957e-06
1146  6.1984905435828266e-06
846  1.611607541331535e-05
923  8.677886761015957e-06
519  1.1157282978449087e-05
1018  9.917584869732523e-06
635  1.611607541331535e-05
565  9.917584869732523e-06
511  9.917584869732523e-06
233  3.3471848935347264e-05
575  1.2396981087165653e-05
922  1.2396981087165653e-05
1171  1.611607541331535e-05
638  8.677886761015957e-06
1295  4.958792434866262e-06
354  1.859547163074848e-05
1273  4.958792434866262e-06
1223  6.1984905435828266e-06
634  7.438188652299392e-06
1209  8.677886761015957e-06
490  1.611607541331535e-05
860  1.2396981087165653e-05
534  1.1157282978449087e-05
630  8.677886761015957e-06
1222  9.917584869732523e-06
1098  1.1157282978449087e-05
1288  4.958792434866262e-06
408  1.3636679195882219e-05
1242  1.3636679195882219e-05
1027  1.1157282978449087e-05
1064  1.3636679195882219e-05
792  1.611607541331535e-05
537  1.9835169739465046e-05
747  1.1157282978449087e-05
978  1.1157282978449087e-05
711  1.2396981087165653e-05
514  1.3636679195882219e-05
1065  1.7355773522031915e-05
1215  8.677886761015957e-06
793  8.677886761015957e-06
666  9.917584869732523e-06
952  1.3636679195882219e-05
652  1.1157282978449087e-05
1071  1.611607541331535e-05
919  1.3636679195882219e-05
1076  1.611607541331535e-05
912  1.859547163074848e-05
1370  6.1984905435828266e-06
843  1.3636679195882219e-05
1312  7.438188652299392e-06
353  2.6033660283047872e-05
659  1.4876377304598785e-05
848  1.9835169739465046e-05
1167  7.438188652299392e-06
977  7.438188652299392e-06
811  9.917584869732523e-06
1237  7.438188652299392e-06
1335  6.1984905435828266e-06
1154  1.9835169739465046e-05
1073  1.4876377304598785e-05
646  9.917584869732523e-06
852  1.2396981087165653e-05
739  7.438188652299392e-06
1212  8.677886761015957e-06
1198  1.9835169739465046e-05
283  2.8513056500481004e-05
841  1.4876377304598785e-05
883  1.3636679195882219e-05
758  1.4876377304598785e-05
424  1.1157282978449087e-05
897  7.438188652299392e-06
830  8.677886761015957e-06
1362  2.479396217433131e-06
411  1.7355773522031915e-05
679  7.438188652299392e-06
945  1.4876377304598785e-05
891  9.917584869732523e-06
691  6.1984905435828266e-06
262  3.3471848935347264e-05
669  1.3636679195882219e-05
791  1.7355773522031915e-05
554  1.3636679195882219e-05
524  9.917584869732523e-06
540  8.677886761015957e-06
1247  6.1984905435828266e-06
767  1.7355773522031915e-05
929  1.7355773522031915e-05
325  1.4876377304598785e-05
942  1.1157282978449087e-05
303  2.2314565956898175e-05
1137  1.7355773522031915e-05
620  1.1157282978449087e-05
1334  3.719094326149696e-06
1161  1.2396981087165653e-05
589  1.611607541331535e-05
1351  4.958792434866262e-06
623  1.3636679195882219e-05
1189  1.1157282978449087e-05
1322  2.479396217433131e-06
1383  2.479396217433131e-06
607  9.917584869732523e-06
1364  3.719094326149696e-06
591  1.1157282978449087e-05
735  2.1074867848181612e-05
1270  6.1984905435828266e-06
603  1.611607541331535e-05
741  9.917584869732523e-06
1345  2.479396217433131e-06
1280  4.958792434866262e-06
530  1.1157282978449087e-05
705  1.2396981087165653e-05
574  8.677886761015957e-06
771  8.677886761015957e-06
1102  1.859547163074848e-05
1084  8.677886761015957e-06
528  1.7355773522031915e-05
879  1.4876377304598785e-05
940  1.1157282978449087e-05
1365  6.1984905435828266e-06
502  1.3636679195882219e-05
1239  1.4876377304598785e-05
1250  9.917584869732523e-06
1331  4.958792434866262e-06
1340  2.479396217433131e-06
1324  3.719094326149696e-06
492  1.3636679195882219e-05
538  4.958792434866262e-06
613  9.917584869732523e-06
1274  8.677886761015957e-06
982  1.4876377304598785e-05
979  1.1157282978449087e-05
1183  9.917584869732523e-06
980  9.917584869732523e-06
559  9.917584869732523e-06
777  1.2396981087165653e-05
671  8.677886761015957e-06
1232  8.677886761015957e-06
819  1.4876377304598785e-05
509  1.3636679195882219e-05
1313  2.479396217433131e-06
616  1.4876377304598785e-05
1077  1.2396981087165653e-05
1072  1.611607541331535e-05
1400  1.2396981087165654e-06
551  6.1984905435828266e-06
1286  7.438188652299392e-06
1413  1.2396981087165654e-06
636  8.677886761015957e-06
673  8.677886761015957e-06
1265  4.958792434866262e-06
937  1.2396981087165653e-05
809  9.917584869732523e-06
714  8.677886761015957e-06
566  9.917584869732523e-06
1142  1.1157282978449087e-05
756  7.438188652299392e-06
434  8.677886761015957e-06
845  8.677886761015957e-06
1145  1.1157282978449087e-05
865  8.677886761015957e-06
956  1.3636679195882219e-05
728  8.677886761015957e-06
501  1.2396981087165653e-05
362  2.1074867848181612e-05
910  1.9835169739465046e-05
958  4.958792434866262e-06
567  8.677886761015957e-06
675  7.438188652299392e-06
1119  1.1157282978449087e-05
692  1.2396981087165653e-05
476  8.677886761015957e-06
932  1.2396981087165653e-05
862  1.4876377304598785e-05
594  1.4876377304598785e-05
432  1.4876377304598785e-05
1287  1.1157282978449087e-05
413  6.1984905435828266e-06
740  2.479396217433131e-06
698  1.2396981087165653e-05
790  8.677886761015957e-06
1017  9.917584869732523e-06
834  7.438188652299392e-06
1318  6.1984905435828266e-06
497  1.4876377304598785e-05
882  1.611607541331535e-05
1045  1.1157282978449087e-05
1311  6.1984905435828266e-06
723  9.917584869732523e-06
1333  3.719094326149696e-06
782  8.677886761015957e-06
1235  8.677886761015957e-06
1244  6.1984905435828266e-06
526  1.611607541331535e-05
1361  3.719094326149696e-06
477  1.3636679195882219e-05
1236  9.917584869732523e-06
1230  8.677886761015957e-06
292  2.355426406561474e-05
724  9.917584869732523e-06
1329  4.958792434866262e-06
898  7.438188652299392e-06
1224  9.917584869732523e-06
1019  1.611607541331535e-05
1310  6.1984905435828266e-06
1412  2.479396217433131e-06
1338  2.479396217433131e-06
665  3.719094326149696e-06
418  8.677886761015957e-06
1314  4.958792434866262e-06
850  9.917584869732523e-06
1380  1.2396981087165654e-06
1444  1.2396981087165654e-06
1292  6.1984905435828266e-06
1299  9.917584869732523e-06
1240  6.1984905435828266e-06
788  7.438188652299392e-06
900  9.917584869732523e-06
708  1.1157282978449087e-05
1229  3.719094326149696e-06
1336  4.958792434866262e-06
1024  9.917584869732523e-06
916  1.611607541331535e-05
1428  1.2396981087165654e-06
855  7.438188652299392e-06
1315  6.1984905435828266e-06
461  9.917584869732523e-06
1282  2.479396217433131e-06
1020  7.438188652299392e-06
657  9.917584869732523e-06
742  7.438188652299392e-06
1348  1.2396981087165654e-06
1309  1.2396981087165654e-06
1305  7.438188652299392e-06
1327  6.1984905435828266e-06
1321  2.479396217433131e-06
1367  2.479396217433131e-06
844  1.859547163074848e-05
1352  4.958792434866262e-06
1394  1.2396981087165654e-06
704  3.719094326149696e-06
1388  2.479396217433131e-06
568  3.719094326149696e-06
1301  7.438188652299392e-06
602  1.2396981087165653e-05
1392  1.2396981087165654e-06
1319  3.719094326149696e-06
1248  2.479396217433131e-06
1378  1.2396981087165654e-06
1386  1.2396981087165654e-06
1349  2.479396217433131e-06
1308  2.479396217433131e-06
662  6.1984905435828266e-06
1433  1.2396981087165654e-06
1294  3.719094326149696e-06
676  4.958792434866262e-06
1401  2.479396217433131e-06
1427  1.2396981087165654e-06
1281  7.438188652299392e-06
1376  1.2396981087165654e-06
1402  1.2396981087165654e-06
1355  1.2396981087165654e-06
1403  3.719094326149696e-06
1350  1.2396981087165654e-06
1395  1.2396981087165654e-06
1405  1.2396981087165654e-06
1379  1.2396981087165654e-06
1297  3.719094326149696e-06
1439  1.2396981087165654e-06
1272  3.719094326149696e-06
1269  2.479396217433131e-06
1326  2.479396217433131e-06
1363  1.2396981087165654e-06
1419  2.479396217433131e-06
1411  1.2396981087165654e-06
1432  1.2396981087165654e-06
653  1.2396981087165654e-06
1283  2.479396217433131e-06
1399  1.2396981087165654e-06
1374  1.2396981087165654e-06
1391  1.2396981087165654e-06
1387  1.2396981087165654e-06
1302  3.719094326149696e-06
1358  1.2396981087165654e-06
1368  1.2396981087165654e-06
1371  1.2396981087165654e-06
1449  1.2396981087165654e-06
